43473
43472
43471
43470
43469
43468
43467
43466
43465
43464
43463
43462
43461
43460
43459
43458
43457
43456
43455
43454
43453
43452
43451
43450
43449
43448
43447
43446
43445
43444
43443
43442
43441
43440
43439
43438
43437
43436
43435
43433
43432
43429
43428
43427
43426
43425
43424
43423
43422
43421
43420
43419
43418
43417
43416
43415
43414
43413
43412
43411
43410
43409
43408
43407
43406
43405
43404
43403
43402
43401
43400
43399
43398
43397
43396
43395
43394
43393
43390
43389
43388
43387
43386
43385
43383
43382
43381
43380
43379
43378
43377
43376
43374
43373
43372
43371
43370
43369
43368
43367
43366
43365
43363
43361
43360
43359
43358
43357
43356
43355
43354
43353
43352
43351
43350
43349
43348
43347
43346
43345
43344
43343
43342
43341
43340
43339
43338
43337
43336
43335
43334
43333
43332
43331
43330
43329
43328
43327
43326
43325
43324
43323
43322
43321
43320
43319
43318
43317
43316
43315
43314
43313
43312
43311
43310
43308
43307
43306
43305
43304
43303
43302
43301
43300
43299
43298
43297
43296
43295
43294
43293
43292
43288
43287
43286
43285
43284
43283
43281
43280
43279
43278
43277
43276
43275
43274
43273
43272
43271
43270
43269
43268
43267
43266
43265
43264
43263
43262
43261
43260
43259
43258
43257
43256
43255
43254
43253
43252
43249
43248
43247
43246
43245
43244
43243
43242
43241
43240
43239
43238
43237
43236
43235
43234
43233
43232
43231
43230
43229
43228
43227
43226
43225
43224
43223
43222
43221
43219
43218
43217
43214
43213
43212
43211
43210
43209
43208
43207
43206
43205
43204
43203
43202
43201
43200
43199
43198
43197
43196
43195
43194
43193
43192
43191
43190
43189
43188
43187
43186
43185
43184
43183
43182
43181
43180
43179
43178
43177
43176
43175
43174
43173
43172
43171
43170
43169
43168
43167
43166
43165
43164
43163
43162
43161
43160
43159
43158
43157
43156
43155
43154
43153
43152
43151
43150
43149
43148
43147
43146
43145
43144
43143
43139
43138
43137
43136
43135
43134
43133
43132
43131
43130
43128
43127
43126
43125
43124
43123
43122
43121
43120
43119
43118
43117
43116
43115
43114
43113
43112
43111
43110
43109
43108
43107
43106
43105
43104
43103
43102
43099
43098
43097
43096
43095
43094
43093
43092
43091
43090
43089
43088
43087
43086
43085
43084
43083
43082
43081
43080
43079
43078
43077
43075
43074
43073
43072
43071
43070
43069
43068
43067
43066
43065
43064
43063
43062
43061
43060
43059
43058
43057
43056
43055
43054
43053
43052
43051
43050
43049
43048
43047
43046
43045
43044
43043
43042
43041
43040
43039
43038
43037
43036
43035
43034
43033
43032
43028
43025
43024
43023
43022
43021
43020
43019
43018
43017
43016
43015
43014
43013
43012
43011
43010
43009
43008
43007
43006
43005
43004
43003
43002
43001
43000
42999
42998
42997
42996
42995
42994
42993
42992
42991
42990
42989
42988
42987
42986
42985
42984
42983
42982
42981
42980
42978
42977
42976
42975
42974
42973
42971
42970
42969
42968
42967
42966
42965
42964
42963
42962
42961
42960
42959
42958
42957
42956
42955
42954
42953
42952
42951
42950
42949
42948
42947
42946
42945
42944
42943
42942
42941
42940
42939
42938
42937
42936
42934
42933
42932
42931
42930
42929
42928
42927
42926
42925
42924
42923
42922
42921
42920
42919
42918
42917
42916
42915
42914
42913
42912
42911
42910
42909
42908
42907
42905
42904
42903
42902
42901
42900
42899
42898
42897
42896
42895
42894
42893
42892
42891
42890
42889
42887
42886
42885
42884
42883
42882
42881
42880
42879
42878
42877
42876
42875
42874
42873
42872
42871
42870
42869
42868
42867
42866
42865
42864
42863
42862
42861
42860
42859
42858
42857
42856
42855
42854
42853
42852
42851
42850
42849
42847
42846
42845
42844
42843
42842
42840
42838
42837
42836
42835
42834
42833
42832
42831
42830
42829
42825
42824
42823
42822
42821
42820
42819
42818
42817
42816
42815
42814
42813
42812
42811
42810
42809
42808
42807
42806
42805
42804
42803
42802
42801
42800
42799
42798
42797
42796
42795
42790
42789
42788
42787
42786
42785
42784
42783
42782
42781
42780
42779
42778
42777
42776
42775
42774
42773
42770
42769
42768
42767
42766
42765
42763
42762
42761
42760
42759
42758
42757
42756
42755
42754
42753
42752
42751
42750
42749
42748
42747
42746
42745
42744
42743
42742
42741
42740
42739
42738
42737
42736
42735
42734
42733
42732
42731
42730
42729
42728
42727
42724
42723
42722
42721
42720
42719
42718
42717
42716
42715
42714
42713
42712
42711
42710
42709
42708
42707
42706
42705
42704
42703
42702
42701
42700
42699
42698
42697
42696
42695
42694
42693
42692
42691
42690
42689
42688
42687
42686
42685
42684
42683
42682
42681
42678
42677
42674
42673
42672
42671
42670
42669
42666
42665
42663
42662
42661
42660
42659
42658
42657
42656
42655
42654
42653
42652
42651
42650
42649
42648
42647
42646
42645
42644
42643
42642
42640
42639
42638
42637
42635
42634
42633
42632
42631
42630
42629
42628
42627
42625
42624
42623
42622
42621
42619
42618
42617
42616
42615
42612
42611
42610
42609
42608
42607
42606
42605
42604
42602
42599
42598
42595
42594
42593
42592
42591
42590
42589
42588
42587
42586
42585
42584
42583
42582
42581
42579
42578
42577
42576
42575
42574
42573
42572
42571
42570
42569
42568
42567
42566
42565
42564
42563
42562
42561
42560
42559
42558
42556
42555
42554
42553
42552
42551
42550
42549
42548
42547
42545
42544
42543
42542
42541
42540
42539
42536
42535
42534
42533
42532
42531
42530
42529
42526
42525
42524
42523
42522
42521
42520
42519
42518
42516
42510
42508
42507
42506
42504
42503
42502
42501
42500
42499
42498
42497
42496
42495
42494
42493
42492
42491
42490
42489
42488
42487
42486
42485
42484
42482
42481
42480
42479
42476
42475
42474
42473
42472
42471
42470
42469
42468
42467
42466
42465
42464
42463
42460
42459
42458
42457
42456
42455
42454
42453
42452
42451
42450
42449
42448
42447
42446
42445
42444
42443
42442
42441
42439
42438
42437
42436
42435
42433
42432
42431
42430
42429
42428
42427
42426
42425
42424
42423
42422
42421
42420
42419
42418
42417
42416
42415
42414
42413
42412
42411
42410
42409
42408
42407
42406
42405
42404
42403
42402
42400
42399
42398
42397
42396
42395
42394
42393
42392
42391
42390
42388
42387
42386
42385
42383
42381
42380
42379
42378
42377
42376
42375
42374
42373
42372
42371
42370
42369
42368
42367
42366
42365
42364
42363
42362
42361
42360
42359
42358
42356
42355
42354
42353
42352
42351
42350
42349
42348
42347
42346
42345
42344
42343
42342
42340
42339
42338
42337
42336
42335
42334
42333
42332
42331
42330
42329
42328
42327
42326
42325
42323
42322
42321
42320
42319
42318
42316
42315
42314
42312
42311
42310
42309
42308
42307
42306
42304
42301
42300
42299
42298
42296
42295
42294
42293
42291
42289
42288
42287
42286
42285
42284
42283
42282
42281
42279
42278
42277
42276
42275
42274
42273
42272
42271
42267
42266
42265
42263
42262
42261
42259
42258
42257
42256
42255
42254
42253
42252
42251
42250
42249
42248
42247
42246
42244
42243
42242
42240
42239
42238
42236
42235
42233
42232
42231
42230
42228
42226
42225
42224
42222
42221
42219
42218
42217
42216
42215
42214
42213
42212
42211
42208
42207
42206
42205
42204
42203
42202
42199
42198
42197
42196
42195
42194
42193
42192
42189
42188
42187
42186
42185
42184
42183
42182
42181
42180
42179
42178
42177
42176
42175
42174
42172
42171
42170
42169
42168
42167
42166
42165
42164
42163
42162
42161
42160
42159
42158
42154
42151
42141
42140
42139
42138
42136
42135
42134
42133
42132
42131
42130
42129
42128
42127
42126
42125
42124
42123
42122
42121
42120
42118
42117
42113
42112
42111
42110
42108
42107
42106
42105
42104
42103
42101
42100
42099
42095
42094
42093
42092
42091
42090
42089
42088
42087
42086
42085
42084
42083
42081
42080
42079
42078
42077
42076
42075
42073
42072
42071
42070
42069
42068
42066
42065
42064
42063
42062
42061
42060
42059
42058
42057
42056
42055
42054
42053
42052
42051
42050
42049
42046
42045
42044
42043
42042
42041
42040
42039
42038
42037
42031
42023
42022
42021
42020
42019
42018
42017
42016
42015
42014
42010
42007
42006
42005
42004
42003
42002
42001
42000
41999
41998
41997
41996
41995
41994
41993
41992
41991
41990
41989
41988
41987
41985
41984
41983
41982
41981
41980
41978
41977
41976
41975
41974
41973
41972
41971
41969
41967
41966
41965
41964
41962
41961
41960
41959
41958
41957
41956
41955
41954
41953
41952
41951
41950
41949
41948
41947
41946
41945
41944
41943
41942
41941
41940
41939
41938
41937
41936
41935
41934
41933
41932
41931
41930
41929
41928
41927
41926
41925
41924
41922
41921
41920
41919
41917
41914
41913
41912
41911
41910
41909
41907
41906
41905
41904
41903
41902
41901
41900
41898
41897
41896
41895
41894
41893
41892
41891
41890
41888
41887
41886
41885
41884
41882
41881
41880
41879
41878
41877
41876
41875
41874
41873
41872
41871
41870
41869
41868
41866
41865
41864
41863
41862
41861
41860
41858
41857
41856
41855
41854
41853
41852
41851
41849
41848
41847
41846
41845
41844
41842
41841
41840
41839
41838
41837
41836
41835
41832
41830
41829
41826
41824
41823
41821
41820
41819
41818
41817
41816
41815
41814
41813
41812
41811
41810
41808
41807
41806
41805
41804
41802
41801
41800
41799
41798
41797
41796
41795
41794
41793
41792
41791
41790
41786
41785
41784
41783
41782
41781
41780
41779
41777
41776
41775
41774
41773
41772
41771
41769
41768
41766
41765
41764
41763
41761
41760
41759
41758
41757
41756
41755
41754
41753
41752
41751
41750
41749
41748
41747
41746
41745
41744
41743
41742
41741
41740
41739
41738
41737
41736
41735
41734
41733
41732
41731
41729
41727
41726
41723
41722
41721
41720
41719
41718
41717
41716
41715
41714
41713
41712
41711
41710
41709
41708
41707
41706
41705
41704
41703
41702
41701
41700
41699
41698
41697
41696
41695
41694
41692
41691
41690
41689
41688
41687
41686
41685
41684
41683
41682
41681
41680
41679
41676
41675
41673
41672
41671
41670
41669
41668
41667
41666
41665
41664
41663
41661
41660
41659
41655
41654
41653
41652
41651
41650
41649
41648
41647
41646
41644
41643
41641
41639
41638
41637
41636
41635
41634
41633
41632
41631
41630
41629
41628
41627
41626
41625
41624
41623
41622
41621
41620
41619
41618
41617
41616
41615
41614
41613
41611
41610
41609
41607
41606
41605
41604
41603
41601
41600
41599
41598
41597
41596
41595
41594
41593
41592
41591
41590
41589
41588
41587
41586
41585
41584
41583
41582
41581
41580
41578
41577
41576
41575
41574
41573
41571
41570
41569
41568
41567
41566
41565
41564
41563
41562
41561
41560
41559
41557
41555
41554
41553
41552
41551
41550
41549
41548
41547
41546
41545
41544
41543
41542
41541
41540
41539
41538
41537
41536
41535
41531
41530
41529
41527
41526
41525
41524
41523
41522
41521
41520
41519
41518
41517
41516
41515
41514
41513
41512
41511
41510
41509
41508
41507
41504
41503
41500
41499
41498
41497
41496
41495
41494
41493
41492
41491
41490
41489
41487
41486
41485
41484
41483
41482
41481
41480
41479
41477
41476
41475
41474
41473
41472
41471
41470
41469
41468
41467
41466
41465
41464
41461
41458
41457
41456
41455
41454
41453
41452
41451
41450
41449
41448
41447
41446
41445
41444
41443
41442
41441
41440
41439
41438
41437
41436
41435
41434
41433
41432
41431
41429
41427
41426
41425
41424
41423
41422
41421
41420
41418
41417
41416
41415
41414
41413
41412
41411
41410
41409
41408
41407
41406
41405
41402
41400
41399
41398
41397
41396
41395
41394
41393
41392
41391
41390
41389
41388
41387
41385
41384
41383
41382
41381
41380
41379
41378
41377
41376
41374
41373
41372
41371
41370
41369
41368
41367
41365
41364
41363
41362
41361
41360
41359
41358
41357
41356
41355
41354
41353
41352
41351
41350
41349
41346
41345
41344
41343
41342
41341
41340
41339
41338
41337
41336
41335
41332
41331
41330
41328
41327
41326
41325
41324
41323
41322
41321
41320
41319
41318
41317
41316
41315
41314
41312
41311
41310
41309
41308
41307
41306
41305
41304
41303
41302
41301
41300
41299
41297
41296
41294
41293
41292
41291
41290
41289
41288
41287
41286
41285
41284
41283
41282
41281
41280
41279
41278
41277
41276
41275
41274
41273
41272
41271
41270
41269
41268
41267
41266
41265
41264
41263
41262
41261
41260
41259
41258
41257
41256
41255
41254
41253
41252
41251
41249
41248
41247
41246
41245
41244
41243
41242
41241
41238
41237
41236
41235
41234
41233
41232
41231
41229
41228
41227
41226
41225
41224
41223
41222
41221
41220
41219
41218
41217
41216
41215
41214
41213
41212
41211
41210
41209
41208
41206
41205
41204
41203
41202
41201
41200
41199
41198
41195
41194
41193
41192
41190
41189
41186
41185
41184
41183
41182
41181
41180
41178
41177
41176
41175
41174
41173
41172
41171
41170
41169
41168
41164
41163
41162
41161
41158
41157
41156
41155
41154
41153
41152
41151
41150
41149
41148
41147
41146
41145
41144
41143
41142
41141
41140
41139
41138
41137
41136
41134
41133
41131
41130
41129
41128
41127
41126
41125
41124
41123
41122
41121
41120
41119
41118
41117
41116
41115
41114
41113
41112
41111
41110
41109
41108
41107
41106
41105
41104
41103
41102
41100
41099
41098
41097
41096
41095
41091
41090
41089
41088
41087
41086
41085
41084
41083
41082
41081
41080
41079
41078
41077
41076
41075
41074
41073
41072
41071
41070
41069
41068
41067
41066
41065
41064
41063
41062
41061
41060
41059
41058
41057
41056
41055
41054
41053
41052
41051
41050
41049
41048
41047
41046
41045
41044
41043
41042
41041
41040
41039
41038
41037
41036
41035
41034
41033
41032
41031
41030
41029
41028
41027
41026
41025
41024
41023
41022
41021
41020
41019
41018
41017
41016
41015
41014
41013
41012
41011
41010
41009
41008
41007
41006
41005
41004
41003
41002
41001
41000
40999
40998
40997
40996
40995
40994
40993
40992
40991
40990
40989
40988
40987
40986
40985
40984
40983
40982
40981
40980
40979
40978
40977
40976
40975
40974
40973
40972
40971
40970
40969
40968
40967
40966
40965
40964
40963
40962
40961
40960
40959
40958
40957
40956
40955
40954
40953
40952
40951
40950
40949
40948
40947
40946
40945
40944
40943
40942
40941
40940
40939
40938
40937
40936
40935
40934
40933
40932
40931
40930
40929
40928
40927
40926
40925
40924
40923
40922
40921
40920
40919
40918
40917
40916
40915
40914
40912
40911
40910
40909
40908
40907
40906
40905
40904
40903
40902
40901
40900
40899
40898
40897
40896
40895
40894
40893
40892
40891
40890
40888
40887
40886
40885
40884
40883
40882
40881
40880
40879
40878
40877
40876
40875
40874
40873
40872
40871
40870
40869
40868
40867
40866
40865
40864
40863
40862
40861
40860
40859
40858
40857
40856
40855
40854
40853
40852
40851
40850
40849
40848
40847
40846
40845
40844
40843
40842
40841
40840
40839
40838
40837
40836
40835
40834
40833
40832
40831
40830
40829
40828
40827
40826
40825
40824
40823
40822
40821
40820
40819
40818
40817
40816
40815
40814
40813
40812
40811
40809
40808
40807
40806
40805
40804
40803
40802
40801
40800
40799
40798
40797
40789
40788
40787
40786
40785
40784
40783
40782
40781
40780
40779
40778
40777
40776
40775
40774
40773
40772
40771
40770
40769
40768
40767
40766
40765
40764
40763
40762
40761
40760
40759
40758
40757
40756
40755
40754
40753
40752
40751
40750
40749
40748
40747
40746
40745
40744
40743
40742
40741
40740
40739
40738
40737
40736
40735
40734
40733
40732
40731
40730
40729
40728
40727
40726
40725
40724
40723
40722
40721
40720
40719
40718
40717
40716
40715
40714
40713
40712
40711
40710
40709
40708
40707
40706
40705
40704
40703
40702
40701
40700
40699
40698
40697
40696
40695
40694
40693
40692
40691
40689
40688
40687
40686
40685
40684
40683
40682
40681
40680
40679
40678
40677
40676
40675
40674
40673
40672
40671
40670
40669
40668
40667
40666
40665
40664
40663
40662
40661
40660
40659
40658
40657
40656
40655
40654
40653
40652
40651
40650
40649
40648
40647
40646
40645
40644
40643
40640
40639
40638
40637
40636
40635
40634
40633
40632
40631
40630
40629
40628
40627
40626
40625
40624
40623
40622
40621
40620
40619
40618
40617
40616
40615
40614
40613
40612
40611
40610
40609
40608
40607
40606
40605
40604
40603
40602
40601
40600
40599
40598
40597
40596
40595
40594
40593
40592
40591
40590
40589
40588
40587
40586
40585
40584
40583
40582
40581
40580
40579
40578
40577
40576
40575
40574
40573
40572
40571
40570
40569
40568
40567
40566
40565
40564
40563
40562
40561
40560
40559
40558
40557
40556
40555
40554
40553
40552
40551
40550
40549
40548
40547
40546
40545
40544
40543
40542
40541
40540
40539
40538
40537
40536
40535
40534
40533
40532
40531
40530
40529
40528
40527
40524
40523
40522
40521
40520
40519
40518
40517
40516
40515
40514
40513
40512
40511
40510
40509
40508
40507
40506
40505
40504
40503
40502
40501
40500
40499
40498
40497
40496
40495
40494
40493
40492
40491
40490
40489
40488
40486
40485
40484
40483
40482
40481
40480
40479
40478
40477
40476
40475
40474
40473
40472
40471
40470
40469
40468
40467
40466
40465
40464
40463
40462
40461
40460
40459
40458
40457
40456
40455
40454
40453
40452
40451
40450
40449
40448
40447
40446
40445
40444
40443
40442
40441
40440
40439
40347
40335
40326
40319
40280
40267
40234
40105
40091
40071
40037
39845
39844
39823
39807
39806
39716
39671
39620
39571
39533
39472
39431
39377
39375
39362
39268
39251
39236
39202
39195
39161
39050
39025
38951
38766
38728
38721
38690
38686
38672
38656
38603
38520
38423
38418
38394
38391
38205
37579
36831
